0 7 3 12 3 2 3 4 11 7 12 13 10 1 9 7 6 10 4 2 6 2 10 4 3 9
7 0 5 10 7 10 12 8 8 1 13 4 13 4 2 12 10 4 3 3 4 3 9 10 4 8
3 5 0 13 1 4 12 13 12 7 5 10 10 2 2 7 6 6 4 1 8 6 10 5 10 5
12 10 13 0 5 5 13 11 8 3 11 3 12 12 5 10 3 11 5 13 2 12 9 10 11 3
3 7 1 5 0 10 12 9 5 11 13 4 4 11 3 10 3 12 13 12 5 7 4 5 7 8
2 10 4 5 10 0 10 2 2 1 9 12 8 1 11 6 4 6 8 8 6 12 13 9 6 7
3 12 12 13 12 10 0 6 5 13 2 10 11 6 1 8 3 1 6 6 13 2 3 8 5 3
4 8 13 11 9 2 6 0 3 11 8 3 5 5 7 1 7 6 13 8 9 5 6 8 5 8
11 8 12 8 5 2 5 3 0 9 13 4 12 9 10 13 11 10 3 6 11 8 12 10 4 5
7 1 7 3 11 1 13 11 9 0 5 7 8 3 12 10 2 6 13 6 9 8 2 11 8 8
12 13 5 11 13 9 2 8 13 5 0 6 9 13 5 8 12 6 9 5 2 12 4 7 4 10
13 4 10 3 4 12 10 3 4 7 6 0 11 8 4 7 9 4 11 2 12 2 4 6 8 11
10 13 10 12 4 8 11 5 12 8 9 11 0 10 7 8 13 9 11 6 11 9 2 7 13 11
1 4 2 12 11 1 6 5 9 3 13 8 10 0 5 5 12 12 3 2 2 12 10 11 7 11
9 2 2 5 3 11 1 7 10 12 5 4 7 5 0 9 9 12 5 10 7 5 2 12 5 6
7 12 7 10 10 6 8 1 13 10 8 7 8 5 9 0 2 1 3 12 2 4 6 5 10 5
6 10 6 3 3 4 3 7 11 2 12 9 13 12 9 2 0 12 2 2 2 1 11 4 7 8
10 4 6 11 12 6 1 6 10 6 6 4 9 12 12 1 12 0 3 5 12 9 8 3 13 13
4 3 4 5 13 8 6 13 3 13 9 11 11 3 5 3 2 3 0 9 3 13 10 3 3 11
2 3 1 13 12 8 6 8 6 6 5 2 6 2 10 12 2 5 9 0 5 8 3 3 2 1
6 4 8 2 5 6 13 9 11 9 2 12 11 2 7 2 2 12 3 5 0 2 10 5 9 4
2 3 6 12 7 12 2 5 8 8 12 2 9 12 5 4 1 9 13 8 2 0 2 12 9 4
10 9 10 9 4 13 3 6 12 2 4 4 2 10 2 6 11 8 10 3 10 2 0 9 11 7
4 10 5 10 5 9 8 8 10 11 7 6 7 11 12 5 4 3 3 3 5 12 9 0 6 13
3 4 10 11 7 6 5 5 4 8 4 8 13 7 5 10 7 13 3 2 9 9 11 6 0 8
9 8 5 3 8 7 3 8 5 8 10 11 11 11 6 5 8 13 11 1 4 4 7 13 8 0
